|              Line Name |                Species |           QNs | v | J$_u$ | J$_l$ |          Frequency |      Fitted Velocity | Fitted Velocity error |       Fitted Width |  Fitted Width error |     Fitted Amplitude | Fitted Amplitude error |  Fitted Amplitude K | Fitted Amplitude error K | Integrated Intensity | Integrated Intensity error |               Jy/K |               EU_K |  deg |                    Aij | Flag |
| 23Na-35Clv=1-1 J=18-17 | 23Na-35Clv=1-1 J=18-17 | v=1-1 J=18-17 | 1 |    18 |    17 | 232.50997700000002 |   5.3589516928697565 |   0.20681002508588467 |  6.608092402517191 | 0.21397404551122215 |     4.27227668577915 |     0.1160721897888422 |  23.943307330775166 |       0.6505084565147888 |    396.5976910354607 |          6.687734055377408 |  5604.343794135268 |              625.7 |  592 |   0.005799999926239252 |   -d |
| 23Na-35Clv=1-1 J=26-25 | 23Na-35Clv=1-1 J=26-25 | v=1-1 J=26-25 | 1 |    26 |    25 |         335.506563 |    5.476270619658963 |   0.14014623476045263 |  4.661272042035559 | 0.14024601087485247 |    3.964534557878754 |    0.10324284148024039 |   29.08721555132321 |         0.75747776704301 |    339.8572457489715 |          5.395168705441253 |  7336.855090219338 |              737.2 |  848 |   0.017999999225139618 |   -d |
| 23Na-35Clv=2-2 J=17-16 | 23Na-35Clv=2-2 J=17-16 | v=2-2 J=17-16 | 2 |    17 |    16 |         217.980231 |    5.189772405262207 |   0.14090683199562626 |  5.530345757653742 | 0.14216317483041657 |   3.9605695830163787 |     0.0874886832318642 |  19.316572222597067 |      0.42670162280576024 |    267.7763889456831 |         3.6207437686161503 |  4877.220767798131 |             1128.4 |  560 |   0.004900000058114529 |   -d |
| 23Na-35Clv=2-2 J=18-17 | 23Na-35Clv=2-2 J=18-17 | v=2-2 J=18-17 | 2 |    18 |    17 |         230.779167 |    5.638442923546513 |    0.1439689230100762 | 6.1428724691550505 | 0.14693890574217477 |   3.4812327936934415 |    0.07077079006013166 |  19.331637007517624 |       0.3929973389473299 |   297.66657130872625 |          3.727850785086837 |  5553.100913716135 |             1139.5 |  592 |   0.005799999926239252 |   -d |
| 23Na-35Clv=2-2 J=26-25 | 23Na-35Clv=2-2 J=26-25 | v=2-2 J=26-25 | 2 |    26 |    25 |         333.007291 |   7.3656398159909475 |    0.3029413442907104 |  6.487433721512487 | 0.31959172396114083 |   3.4816475147077677 |    0.14020820043232587 |  21.655615583063828 |       0.8720856655733182 |   352.15462911655584 |          8.939129705747732 |  6219.933376823039 |             1250.2 |  848 |   0.017999999225139618 |   -d |
| 23Na-35Clv=2-2 J=27-26 | 23Na-35Clv=2-2 J=27-26 | v=2-2 J=27-26 | 2 |    27 |    26 |         345.762037 |  0.21654204013561615 |    0.8885334123973103 |  4.716780102809306 |  0.9096443155768023 |   1.6412094144418514 |     0.2678822551233654 |  11.539585416515575 |       1.8835196394581832 |   136.43499213099105 |         13.751849995230195 |  7031.147466601634 |             1266.8 |  880 |   0.019999999552965164 |   cd |
|   23Na-35Clv=3-3 J=7-6 |   23Na-35Clv=3-3 J=7-6 |   v=3-3 J=7-6 | 3 |     7 |     6 |  89.15010799999999 |   3.8101270977732953 |   0.48231902276925637 |  5.170183310285525 |  0.4836409628889867 |   1.9459375146955855 |    0.15728788953470726 |   14.12733435440279 |       1.1418961752750785 |   183.08640594438813 |          9.029886257284756 | 7259.9116095527925 |             1561.0 |  240 | 0.00033000000985339284 |   -d |
|   23Na-35Clv=4-4 J=7-6 |   23Na-35Clv=4-4 J=7-6 |   v=4-4 J=7-6 | 4 |     7 |     6 |  88.48549000000001 |   3.7759385091340074 |    0.6801383992187523 |  6.499123246496276 |  0.7070472562102893 |   1.5679589312321798 |    0.14228464198156185 |  11.383243248154491 |       1.0329739241830036 |   185.44311909020948 |         10.480852970335269 | 7259.9116095527925 |             2065.5 |  240 | 0.00031999999191612005 |   -d |
|   23Na-35Clv=4-4 J=8-7 |   23Na-35Clv=4-4 J=8-7 |   v=4-4 J=8-7 | 4 |     8 |     7 |         101.121833 |    3.084207885262827 |   0.33918571139884535 |  5.504739034770475 | 0.34198044749829914 |   1.6551064368313266 |    0.08842381733121138 |  15.516702372076248 |       0.8289775361867382 |     214.104649806822 |          6.998694672538185 |   9375.04804934643 |             2070.4 |  272 |  0.0004799999878741801 |   -d |
|   23Na-35Clv=5-5 J=7-6 |   23Na-35Clv=5-5 J=7-6 |   v=5-5 J=7-6 | 5 |     7 |     6 |           87.82519 |    4.461196156643512 |    0.6378148695296522 |  5.968664923295157 |  0.6519820202479517 |   1.6002777915455144 |    0.14830839875982074 |  11.617875317350784 |       1.0767058659506077 |   173.81763803052442 |          9.933534970809616 | 7259.9116095527925 |             2565.2 |  240 | 0.00031999999191612005 |   -d |
|   23Na-35Clv=5-5 J=8-7 |   23Na-35Clv=5-5 J=8-7 |   v=5-5 J=8-7 | 5 |     8 |     7 |         100.367215 |    3.655045433628819 |   0.49718414608187667 |  4.882392138036195 |  0.4973272590904253 |   1.0660782234593795 |    0.09402240823772111 |   9.994534569293563 |        0.881464594943901 |   122.31653399922416 |          6.574790124953238 |   9375.04804934643 |             2570.0 |  272 |  0.0004799999878741801 |   -d |
|   23Na-35Clv=6-6 J=7-6 |   23Na-35Clv=6-6 J=7-6 |   v=6-6 J=7-6 | 6 |     7 |     6 |          87.169205 |   3.3609540058422147 |    1.1994774562966302 |  4.108136237391361 |  1.1997944505118554 |   0.8920667860556842 |    0.22558791519932242 |  7.1767446974945805 |       1.8148718229764182 |    73.90303411465109 |         11.389943796861544 |  8045.075559002593 |             3060.0 |  240 | 0.00031999999191612005 |   -d |
|   23Na-35Clv=6-6 J=8-7 |   23Na-35Clv=6-6 J=8-7 |   v=6-6 J=8-7 | 6 |     8 |     7 |           99.61753 |   4.4164606692666855 |    0.6726390180322788 |  5.208564668446155 |  0.6748970179769019 |   0.8172835596021625 |    0.09145644235952163 |    7.66207264121116 |       0.8574085415427974 |   100.03552595609277 |           6.83259496258726 |   9375.04804934643 |             3064.8 |  272 |  0.0004799999878741801 |   -d |
| 23Na-37Clv=0-0 J=18-17 | 23Na-37Clv=0-0 J=18-17 | v=0-0 J=18-17 | 0 |    18 |    17 |         229.246046 |   4.7840060866736005 |     0.113486748768362 |  4.686987573254084 | 0.11358703524161909 |    3.854188526847074 |     0.0808331046650576 |  21.402697830068732 |      0.44887438737404334 |   251.45035683533945 |         3.2150209721368497 |  5553.100913716135 |              104.6 |  592 |   0.005499999970197678 |   -d |
|   23Na-37Clv=0-0 J=7-6 |   23Na-37Clv=0-0 J=7-6 |   v=0-0 J=7-6 | 0 |     7 |     6 |          89.220108 |    4.299938998111431 |    0.3696211646527208 |  5.045060903385901 | 0.37026917318729236 |   2.5070010038998616 |    0.15911736851328628 |   18.20060569337311 |        1.155178030951097 |   230.16653965376426 |          8.909585145943023 | 7259.9116095527925 |               17.1 |  240 |  0.0003100000030826777 |   -d |
| 23Na-37Clv=1-1 J=17-16 | 23Na-37Clv=1-1 J=17-16 | v=1-1 J=17-16 | 1 |    17 |    16 |         214.938711 |    4.772049633742648 |    0.3550302457130202 |  4.648071685560061 |  0.3552398315907727 |    3.349438653494865 |     0.2215870282515139 |  18.654278113341828 |       1.2341011372158304 |   217.34076875967924 |          8.764565006411589 |  5569.374466338595 |              607.0 |  560 |   0.004600000102072954 |   -d |
|   23Na-37Clv=1-1 J=7-6 |   23Na-37Clv=1-1 J=7-6 |   v=1-1 J=7-6 | 1 |     7 |     6 |          88.564146 |   3.6702889795971196 |   0.41675941718253967 |   4.81961757841018 |  0.4170575009957697 |   2.1809494647080774 |    0.16334712357984332 |  15.833500338682118 |       1.1858856788643592 |   191.28435442663056 |          8.733445266759597 | 7259.9116095527925 |              531.1 |  240 |  0.0003100000030826777 |   -d |
|   23Na-37Clv=1-1 J=8-7 |   23Na-37Clv=1-1 J=8-7 |   v=1-1 J=8-7 | 1 |     8 |     7 |         101.211883 |    4.642553931973886 |   0.27039714596987774 |  5.678433734544008 | 0.27147688393971364 |   2.1062317852015604 |    0.08691442718219942 |  19.746024189325336 |        0.814826931014541 |   281.05942986780076 |          7.081277866896817 |   9375.04804934643 |              536.0 |  272 | 0.00046999999904073775 |   -d |
|   23Na-37Clv=2-2 J=7-6 |   23Na-37Clv=2-2 J=7-6 |   v=2-2 J=7-6 | 2 |     7 |     6 |          87.912322 |    4.320908575315326 |    0.5817637587388225 |  6.274673561502054 |  0.5955994480553056 |   1.7975750402559458 |     0.1446452571836355 |   13.05023590379647 |       1.0501117818942247 |   205.25768819118247 |         10.189770589222599 | 7259.9116095527925 |             1040.1 |  240 |  0.0003100000030826777 |   -d |
|   23Na-37Clv=2-2 J=8-7 |   23Na-37Clv=2-2 J=8-7 |   v=2-2 J=8-7 | 2 |     8 |     7 | 100.46695100000001 |    5.336910732731376 |   0.41605273869975296 |  7.873968866395934 |  0.4505510109816415 |   1.6603156197512194 |     0.0757183589294698 |  15.565538712248078 |       0.7098632531814386 |   307.21879637724624 |          8.967998220037483 |   9375.04804934643 |             1045.0 |  272 |  0.0004600000102072954 |   -d |
|   23Na-37Clv=3-3 J=7-6 |   23Na-37Clv=3-3 J=7-6 |   v=3-3 J=7-6 | 3 |     7 |     6 |          87.264636 |   2.9493185575060608 |    1.0034998134444368 | 4.5232328806527535 |  1.0036451896046765 |    1.118261812933171 |     0.2148603830915505 |   8.996500779794584 |       1.7285680166077668 |   102.00289650181399 |         11.944056194012727 |  8045.075559002593 |             1544.3 |  240 |  0.0003000000142492354 |   -d |
|   23Na-37Clv=3-3 J=8-7 |   23Na-37Clv=3-3 J=8-7 |   v=3-3 J=8-7 | 3 |     8 |     7 |  99.72674800000001 |   3.7267045461061183 |   0.38946919786323664 |  5.806498221267457 | 0.39651905161950435 |   1.4943385340514657 |    0.08693749442836142 |  14.009495558722396 |       0.8150431875556758 |   203.90446197059384 |          7.297628294182723 |   9375.04804934643 |             1549.1 |  272 |  0.0004600000102072954 |   -d |
| 23Na-37Clv=4-4 J=27-26 | 23Na-37Clv=4-4 J=27-26 | v=4-4 J=27-26 | 4 |    27 |    26 |         333.459061 |   5.5021241828888225 |    0.5089699343071852 |  4.803815161391213 |  0.5095358008960611 |   1.7477231565760023 |    0.16039808503111067 |  10.870721595033595 |       0.9976654026635051 |   130.89847774705234 |          7.324600974499198 |  6219.933376823039 |             2251.3 |  880 |   0.017999999225139618 |   -d |
|   23Na-37Clv=4-4 J=7-6 |   23Na-37Clv=4-4 J=7-6 |   v=4-4 J=7-6 | 4 |     7 |     6 |  86.62108500000001 |  -2.1261753630019693 |    1.0952062207456077 |  8.123216695081508 |   1.247481616737413 |   1.6194904777468295 |    0.16836289215982755 |   13.02892326055845 |        1.354492188758018 |   265.29343253015634 |          19.62736560977706 |  8045.075559002593 |             2043.6 |  240 |  0.0003000000142492354 |   -d |
|   23Na-37Clv=4-4 J=8-7 |   23Na-37Clv=4-4 J=8-7 |   v=4-4 J=8-7 | 4 |     8 |     7 |          98.991272 |    4.555409164054883 |    1.0905279178821785 |  4.182983400755588 |  1.0905309105238523 |   0.9891057443449344 |    0.22331854929248782 |   8.228020633764942 |       1.8577079771162017 |    86.27231412393967 |         11.870040655530921 |  8318.646090984135 |             2048.4 |  272 | 0.00044999999227002263 |   -d |
| 23Na-37Clv=5-5 J=19-18 | 23Na-37Clv=5-5 J=19-18 | v=5-5 J=19-18 | 5 |    19 |    18 | 233.16920199999998 |    5.155678873630941 |    0.5088083808153481 | 3.9144197807905305 |   0.508813103625117 |    1.324734536465715 |    0.14912473561000755 |   7.424267778318291 |       0.8357462865680084 |    72.84688055648492 |          4.997244998435367 |  5604.343794135268 |             2633.6 |  624 |   0.006200000178068876 |   cd |
|   23Na-37Clv=5-5 J=7-6 |   23Na-37Clv=5-5 J=7-6 |   v=5-5 J=7-6 | 5 |     7 |     6 |          85.981669 |   5.2070494897307125 |    1.1636166543683406 |  4.894591895699373 |  1.1717653153875043 |    1.011778280920309 |    0.20850317345127858 |   8.139832718961637 |       1.6774237847073596 |    99.86697629162882 |         12.584992941576116 |  8045.075559002593 |             2538.2 |  240 |  0.0003000000142492354 |   -d |
|  39K-35Clv=0-0 J=13-12 |  39K-35Clv=0-0 J=13-12 | v=0-0 J=13-12 | 0 |    13 |    12 |  99.92953403690319 |    3.995132016036798 |    0.3210820045097425 |  4.777852562162062 |  0.3214636014284826 |   1.6367719098712337 |    0.09527904782513337 |  15.344815300863338 |       0.8932456514566017 |    183.7741164645687 |          6.522775076618418 |   9375.04804934643 | 33.573554459329365 |  432 |              0.0005982 |   -d |
|  39K-35Clv=0-0 J=28-27 |  39K-35Clv=0-0 J=28-27 | v=0-0 J=28-27 | 0 |    28 |    27 |  215.0082887324434 |    5.477343501715362 |    0.6115514928199763 |   4.32271760728733 |  0.6116271670074913 |   1.8747880673525565 |    0.22970542949647607 |  10.441396792109611 |       1.2793155538170142 |   113.13719296061748 |          8.447858420008764 |  5569.374466338595 | 149.70982801917683 |  912 |              0.0060872 |   -d |
|  39K-35Clv=0-0 J=30-29 |  39K-35Clv=0-0 J=30-29 | v=0-0 J=30-29 | 0 |    30 |    29 | 230.32064755273785 |    4.598048672498062 |   0.17000524125732178 |  4.756229395512332 | 0.17012119640632722 |    2.585686573859508 |    0.08005015105196177 |  14.358578475882776 |      0.44452656694976356 |   171.18439528656953 |          3.230621489392616 |  5553.100913716135 | 171.44855245642327 |  976 |              0.0074932 |   -d |
|  39K-35Clv=0-0 J=45-44 |  39K-35Clv=0-0 J=45-44 | v=0-0 J=45-44 | 0 |    45 |    44 |  344.8206090050549 |    2.450220948378107 |    1.0809006209165481 |  4.947322031784076 |  1.0885684585685167 |   1.3767924675172094 |     0.2607083616034356 |   9.680430870019839 |       1.8330789362098587 |   120.04796501443931 |         13.902848125139405 |  7031.147466601634 |  381.2426781196086 | 1456 |               0.025345 |   -d |
|  39K-35Clv=1-1 J=13-12 |  39K-35Clv=1-1 J=13-12 | v=1-1 J=13-12 | 1 |    13 |    12 |  99.31663489705458 |   3.9024341241222675 |    1.0095905960262794 |  3.630504960635038 |   1.009481950272935 |   0.9937205587573674 |     0.2393068937765622 |   8.266409641637546 |        1.990709356459955 |    75.22702577527714 |          11.03943482645748 |  8318.646090984135 |  432.6348728706095 |  432 |             0.00059402 |   -d |
|  39K-35Clv=1-1 J=44-43 |  39K-35Clv=1-1 J=44-43 | v=1-1 J=44-43 | 1 |    44 |    43 |  335.1339601389478 |   3.3215306940344544 |   0.27043203262423265 |  4.061538078551065 |  0.2704768036200489 |   1.9187678976845115 |    0.11064625682107515 |  14.077722017076066 |       0.8117955525714213 |    143.3219962899821 |          5.036832435524106 |  7336.855090219338 |  761.7198518705585 | 1424 |               0.023526 |   -d |
|  39K-35Clv=2-2 J=13-12 |  39K-35Clv=2-2 J=13-12 | v=2-2 J=13-12 | 2 |    13 |    12 |  98.70595377563426 |    1.961023634907887 |    0.7886469282919416 |  6.422024807688307 |  0.8165637465501878 |   1.7113556744294225 |     0.1823162136089955 |  14.236162191375834 |        1.516624057661499 |     229.168456818601 |         15.165687948429321 |  8318.646090984135 |  828.2887852320268 |  432 |             0.00058985 |   -d |
|  39K-35Clv=2-2 J=44-43 |  39K-35Clv=2-2 J=44-43 | v=2-2 J=44-43 | 2 |    44 |    43 |  333.0676994618479 |    3.894747956006778 |    0.4837512516703821 |  4.751876283492915 | 0.48435884396921935 |     1.82998459317572 |    0.16137391929216008 |  11.382382250165591 |        1.003735026754054 |    135.5776886064502 |          7.290008586426439 |  6219.933376823039 | 1155.3465513996475 | 1424 |               0.023361 |   -d |
|  39K-35Clv=3-3 J=13-12 |  39K-35Clv=3-3 J=13-12 | v=3-3 J=13-12 | 3 |    13 |    12 |  98.09752065188076 |    6.096806333495207 |    1.0719538265765818 | 5.0264617003760055 |   1.081231653100367 |   1.1097646504797223 |    0.20516355080544718 |   9.231739371625517 |       1.7066829699201582 |    116.3150326724865 |         13.161507869215226 |  8318.646090984135 | 1220.5635304267048 |  432 |              0.0005857 |   -d |
|  39K-35Clv=3-3 J=29-28 |  39K-35Clv=3-3 J=29-28 | v=3-3 J=29-28 | 3 |    29 |    28 | 218.57970038426018 |    4.378065524282157 |    0.4178226857051698 | 3.2640087266125826 |  0.4178226157685806 |   1.0231871210859833 |      0.113428719993583 |   4.990309476304139 |       0.5532169088174622 |    40.82899827705422 |          2.758271639403202 |  4877.220767798131 | 1345.0583565643997 |  944 |              0.0066243 |   -d |
|  39K-35Clv=3-3 J=31-30 |  39K-35Clv=3-3 J=31-30 | v=3-3 J=31-30 | 3 |    31 |    30 | 233.60569082080778 |     4.82227270625548 |    0.6519465462797319 |  4.243820480143846 |  0.6520009082639476 |   1.0755117745148377 |    0.14308937940584432 |   6.027537739021639 |       0.8019220754798103 |    64.11902011479077 |           5.19869668144128 |  5604.343794135268 | 1367.1190419652214 | 1008 |              0.0080975 |   -d |
|  39K-35Clv=4-4 J=13-12 |  39K-35Clv=4-4 J=13-12 | v=4-4 J=13-12 | 4 |    13 |    12 |  97.49130554656406 |    8.026445539970778 |    2.1338864691949464 | 7.0024784042367445 |   2.389348793375403 |   0.7348897624698068 |     0.1803825879844184 |   6.113287849873718 |       1.5005389104181839 |    107.3041596507349 |         17.993479555983352 |  8318.646090984135 |  1609.487088357844 |  432 |             0.00058157 |   -d |
|  39K-35Clv=4-4 J=29-28 |  39K-35Clv=4-4 J=29-28 | v=4-4 J=29-28 | 4 |    29 |    28 | 217.22889217842985 | -0.30282033731949626 |     0.593283744751877 |   3.23348034797785 |  0.5938541708007944 |   0.7195254417747983 |     0.1143491205668869 |  3.5092844275831716 |       0.5577059056082732 |   28.443217952824767 |         2.7559158762093454 |  4877.220767798131 |  1733.213093745079 |  944 |              0.0065775 |   cd |
|  39K-35Clv=4-4 J=31-30 |  39K-35Clv=4-4 J=31-30 | v=4-4 J=31-30 | 4 |    31 |    30 |  232.1618272144525 |    4.579592971768668 |    0.5692258134943831 |   3.90572728966237 |   0.569230223368397 |    1.185378506972687 |    0.14961386603239146 |   6.643268679253708 |       0.8384875416152184 |    65.03897192097996 |          5.002510298361715 |  5604.343794135268 | 1755.1374506752938 | 1008 |              0.0080403 |   -d |
|  39K-35Clv=5-5 J=29-28 |  39K-35Clv=5-5 J=29-28 | v=5-5 J=29-28 | 5 |    29 |    28 | 215.88368964580044 |    6.306885843256248 |    2.0770559012620486 |  4.267112819068579 |    2.07800180488059 |   0.5473436997215573 |    0.23075114539100525 |  3.0483620255405404 |       1.2851395372190493 |   32.605480329778516 |          8.378446369337794 |  5569.374466338595 | 2118.0478104572576 |  944 |              0.0065309 |   -d |
|  39K-35Clv=5-5 J=31-30 |  39K-35Clv=5-5 J=31-30 | v=5-5 J=31-30 | 5 |    31 |    30 | 230.72395901148118 |   5.3156786949518215 |    0.4454893231097658 |  4.306202982016131 | 0.44552472293465467 |   0.9380092957600153 |     0.0840402230926414 |    5.20886027735917 |       0.4666838396446549 |   56.224699063481054 |         3.0698813417595017 |  5553.100913716135 | 2139.8364503972402 | 1008 |              0.0079833 |   -d |
|  39K-35Clv=5-5 J=45-44 |  39K-35Clv=5-5 J=45-44 | v=5-5 J=45-44 | 5 |    45 |    44 | 334.29926539768013 |   1.7477549875685323 |   0.30223243902504165 | 15.001784390369531 |  0.4908583655406143 |    5.825599996097893 |    0.06912645722684657 |   42.74158298495258 |       0.5071707995736187 |   1607.2500808842392 |         22.317075010544684 |  7336.855090219338 | 2332.1602752763347 | 1456 |               0.024462 |   -d |
|  39K-35Clv=6-6 J=29-28 |  39K-35Clv=6-6 J=29-28 | v=6-6 J=29-28 | 6 |    29 |    28 | 214.54406280712735 |      6.3640242277472 |    1.9083004911020933 |  4.377311598542776 |  1.9099348735658719 |   0.6053026077391319 |    0.22856569996319603 |  3.3711568879504874 |       1.2729679732558323 |    36.98932119023412 |          8.515039169801092 |  5569.374466338595 | 2499.5899628891784 |  944 |              0.0064846 |   -d |
|  39K-35Clv=6-6 J=31-30 |  39K-35Clv=6-6 J=31-30 | v=6-6 J=31-30 | 6 |    31 |    30 |  229.2921161911639 |    6.028977439144842 |   0.48905170615671806 |  3.181503261438782 |  0.4890516837382082 |   0.7367368131349301 |     0.0980747122748207 |   4.091173870187895 |       0.5446187743457539 |    32.62648170060735 |          2.646781820199383 |  5553.100913716135 | 2521.2435001968593 | 1008 |              0.0079266 |   cd |
|  39K-35Clv=6-6 J=47-46 |  39K-35Clv=6-6 J=47-46 | v=6-6 J=47-46 | 6 |    47 |    46 |  346.8748452495574 |    0.704548992535847 |    1.1253613500872546 | 5.4935450066421705 |  1.1838357548628282 |   0.5770311729580574 |    0.10183118761813949 |   4.437133120027989 |        0.783040078954406 |    61.10054434643676 |          6.789449497737372 | 7689.5899701254275 |  2745.314802021911 | 1520 |                0.02767 |   -d |
|  39K-35Clv=7-7 J=47-46 |  39K-35Clv=7-7 J=47-46 | v=7-7 J=47-46 | 7 |    47 |    46 |   344.714687613421 |     4.77811653905284 |    3.1037612195714135 |  9.319496408263715 |  3.8744493802424684 |   0.7204616976282058 |     0.2023058326460931 |   5.065672440062071 |       1.4224421426883116 |   118.33670791447508 |         23.684179029407815 |  7031.147466601634 |  3122.063782801743 | 1520 |               0.027472 |   -d |
|  39K-37Clv=0-0 J=45-44 |  39K-37Clv=0-0 J=45-44 | v=0-0 J=45-44 | 0 |    45 |    44 |  335.0507062371613 |    7.056468402756105 |    0.3617068972178677 |  5.761508502225517 |  0.3697778454625114 |    1.718047370106543 |    0.09349715351773218 |  12.605064592604139 |       0.6859750667075922 |   182.04184010858165 |          6.111128925094123 |  7336.855090219338 | 370.42287962265874 | 1456 |               0.023246 |   -d |
|  39K-37Clv=1-1 J=12-11 |  39K-37Clv=1-1 J=12-11 | v=1-1 J=12-11 | 1 |    12 |    11 |  89.08292007237985 |   3.1279475378433674 |     1.180390684090904 |  4.663628483533427 |  1.1809528666669338 |   0.7552342356580659 |    0.16556018782749213 |   5.482933795385722 |        1.201952329688551 |    64.09540296345351 |          8.564339765861419 | 7259.9116095527925 |  421.3815995324984 |  400 |             0.00042721 |   -d |
|  39K-37Clv=1-1 J=31-30 |  39K-37Clv=1-1 J=31-30 | v=1-1 J=31-30 | 1 |    31 |    30 | 229.81879612040487 |    5.499246733526311 |   0.33918098171869643 |  4.791914598335172 | 0.33941053993032316 |   1.3022723972975672 |    0.07983853043494689 |   7.231650039340423 |       0.4433514163080571 |    86.86331606340825 |         3.2462395023833905 |  5553.100913716135 |  570.1893069569386 | 1008 |              0.0075327 |   -d |
|  39K-37Clv=1-1 J=47-46 |  39K-37Clv=1-1 J=47-46 | v=1-1 J=47-46 | 1 |    47 |    46 |  347.7126549301763 |    4.583615354116458 |    0.5216588974439762 | 3.4318045389435143 |  0.5216591732998256 |   0.9634479509700775 |    0.12683024739418047 |   7.408519700517402 |       0.9752725982708168 |   63.730000012795735 |          5.112545210154601 | 7689.5899701254275 |  794.7894371534984 | 1520 |                 0.0263 |   -d |
|  39K-37Clv=2-2 J=12-11 |  39K-37Clv=2-2 J=12-11 | v=2-2 J=12-11 | 2 |    12 |    11 |  88.54307621754162 |     5.18850456171425 |    1.4894580061639746 |   4.60957240498255 |  1.4896196881292219 |    0.596828250971383 |    0.16701661962856015 |   4.332920348136231 |       1.2125258958296468 |    50.06466110751299 |          8.538077667991073 | 7259.9116095527925 |   811.492120004998 |  400 |             0.00042426 |   -d |
|  39K-37Clv=3-3 J=12-11 |  39K-37Clv=3-3 J=12-11 | v=3-3 J=12-11 | 3 |    12 |    11 |  88.00523076472894 |    4.387455052392395 |    1.3757770827707207 |  6.440230213660614 |  1.4142538831700187 |    0.770267515164076 |    0.14286764142899996 |   5.592074075801056 |       1.0372064486398225 |    90.27432335264929 |          10.35212658001176 | 7259.9116095527925 | 1198.3185577897405 |  400 |             0.00042132 |   -d |
|  39K-37Clv=4-4 J=32-31 |  39K-37Clv=4-4 J=32-31 | v=4-4 J=32-31 | 4 |    32 |    31 |  232.9075714655603 |    4.964810095305934 |    1.0675276178577784 |  5.099530640690062 |  1.0697496606727164 |   0.7212612486407517 |    0.13080720920603015 |   4.042196002770051 |       0.7330885711419687 |   51.669886558674065 |          5.716105260419739 |  5604.343794135268 | 1739.1761050492405 | 1040 |              0.0081166 |   -d |
|  39K-37Clv=6-6 J=30-29 |  39K-37Clv=6-6 J=30-29 | v=6-6 J=30-29 | 6 |    30 |    29 | 215.73683040794143 |    5.810911003646366 |    2.8071565237016043 |  2.951613749377753 |  2.8071557068877078 |   0.3369215142496049 |     0.2775044070027851 |  1.8764420786218847 |       1.5455259586577448 |    13.88304151066219 |          6.968225613582507 |  5569.374466338595 |  2472.996595037401 |  976 |              0.0065903 |   -d |
|  39K-37Clv=6-6 J=32-31 |  39K-37Clv=6-6 J=32-31 | v=6-6 J=32-31 | 6 |    32 |    31 | 230.07076029889177 |   3.8600099624964916 |     1.317301486983886 |  5.159415134272714 |  1.3216974532060866 |   0.3478853822360316 |    0.07696066188482044 |   1.931842633963394 |      0.42737032183279494 |   24.984010500653376 |          3.373624217220401 |  5553.100913716135 | 2494.7346547595102 | 1040 |              0.0080035 |   -d |
|  41K-35Clv=0-0 J=13-12 |  41K-35Clv=0-0 J=13-12 | v=0-0 J=13-12 | 0 |    13 |    12 |  97.62808576093418 |   4.7088077109856235 |    2.5138260452010783 |  9.970845017327608 |   3.230804466612343 |   0.7820349680912223 |     0.1575566370112886 |    6.50547213032495 |       1.3106579025825622 |   162.59257933439437 |          24.74943808372874 |  8318.646090984135 |  32.80022745819785 |  432 |             0.00055778 |   -d |
|  41K-35Clv=0-0 J=29-28 |  41K-35Clv=0-0 J=29-28 | v=0-0 J=29-28 | 0 |    29 |    28 | 217.54316883063962 |    5.500178478575641 |    0.6598112296860978 |  6.474497843113569 |  0.6827905898403241 |     0.92162119111487 |     0.0815307426456483 |   4.494950013348294 |      0.39764343124536067 |    72.94926007101232 |          4.005957774216011 |  4877.220767798131 |  156.7030974292071 |  944 |               0.006309 |   -d |
|  41K-35Clv=1-1 J=45-44 |  41K-35Clv=1-1 J=45-44 | v=1-1 J=45-44 | 1 |    45 |    44 |  334.8543939004358 |     5.08306183811817 |    0.6109621841784263 | 2.7964313283156335 |  0.6109619907035743 |   0.7050136429360141 |    0.13339486357126404 |   5.172582934849174 |       0.9786987838019428 |    36.25780890601012 |          4.180623660718242 |  7336.855090219338 |  764.8850987427759 | 1456 |               0.023471 |   -d |
|  41K-35Clv=2-2 J=12-11 |  41K-35Clv=2-2 J=12-11 | v=2-2 J=12-11 | 2 |    12 |    11 |  89.03129264798301 |    5.553354265264763 |     500721122409.2773 |  0.442016644665457 |                 0.0 | 0.018482961380846787 |     368698118.82344264 | 0.13418466590772551 |       2676715753.2665863 |   0.1486727747442714 |         1183152915.9820678 | 7259.9116095527925 |  813.7920991256196 |  400 |             0.00043135 |   -d |
|  41K-35Clv=2-2 J=31-30 |  41K-35Clv=2-2 J=31-30 | v=2-2 J=31-30 | 2 |    31 |    30 |   229.682269185667 |    2.726778252678928 |    0.6170943654180278 | 13.335083234973245 |  0.9766322119986764 |   1.7231478866991885 |   0.055817825611161484 |    9.56881410409729 |      0.30996201840298876 |    319.8481053693427 |         10.218499439873277 |  5553.100913716135 |  962.5120641519137 | 1008 |              0.0076055 |   cd |
|  41K-37Clv=7-7 J=48-47 |  41K-37Clv=7-7 J=48-47 | v=7-7 J=48-47 | 7 |    48 |    47 |  334.3279083237931 |   -9.499999999994248 |                   0.0 |  5.666731234329394 |  0.2565895719772582 |   3.3382428306372374 |    0.12740632084871248 |  24.492203904349026 |       0.9347617136449943 |   347.89678527600984 |          8.219057526834055 |  7336.855090219338 | 3049.3241362373146 | 1552 |                0.02501 |   cd |
